1:1: AVG = 13135.8510638
13355
13366
13377
13388
13400
13411
13422
13433
13444
13455
13466
13477
13488
13500
13511
13522
13533
13544
13555
13566
13577
13588
13600
13611
13622
13633
13644
13655
13666
13677
13688
13700
13711
13722
13733
13744
13755
13766
13777
13788
13800
13811
13822
13833
13844
12470
12480
12490
12500
12510
12520
12530
12540
12550
12560
12570
12580
12590
12600
12610
12620
12630
12640
12650
12660
12670
12680
12690
12700
12710
12720
12730
12740
12750
12760
12770
12780
12790
12800
12810
12820
12830
12840
12850
12860
12870
12880
12890
12900
12910
12920
12930
12940
12950

1:100: AVG = 10001.4150943
9428
9442
9457
9471
9485
9500
9514
9528
9542
9557
9571
9585
9600
9614
9628
9642
10000
10014
10028
10042
10057
10071
10085
10100
10114
10128
10142
10157
10171
10185
10200
10214
10228
10242
10257
10271
10285
10300
10314
10328
10342
10357
10371
10385
10400
10414
10428
10442
10457
10471
10485
10500
10514
10528
10542
10557
10571
10585
10600
10614
10628
10642
10657
10671
10685
10700
10714
10728
10742
10757
9425
9437
9450
9462
9475
9487
9500
9512
9525
9537
9550
9562
9575
9587
9600
9612
9625
9637
9650
9662
9675
9687
9700
9712
9725
9737
9750
9762
9775
9787
9800
9812
9825
9837
9850
9862

1:1000: AVG = 5544.0952381
5800
5850
5900
5950
6000
6050
6100
6150
6200
6250
6300
6350
6400
6450
6500
6550
4400
4433
4466
4500
4533
4566
4600
4633
4666
4700
4733
4766
4800
4833
4866
4900
4933
4966
5000
5033
5066
5100
5133
5166
5200
5233
5266
5300
5333
5366
5400
5433
5466
5500
5533
5566
5600
5633
5666
5700
5733
5766
5800
5833
5866
5900
5933
5966
6000
6033
6066
6100
6133
6166
6200
6233
6266
6300
6333
6366
6400
6433
6466
4875
4900
4925
4950
4975

1:10000: AVG = 1475.32
1200
1300
1400
1500
1600
1700
1800
1900
2000
2100
2200
2300
1200
1250
1300
1350
1400
1450
1500
1550
1600
1650
1700
1750
1200
1233
1266
1300
1333
1366
1400
1433
1466
1500
1533
1566
1200
1225
1250
1275
1300
1325
1350
1375
1400
1425
1450
1475
1200
1220

1:100000: AVG = 173.2
100
200
150
200
166
150
175
160
180
166
183
171
185
175
187
177
188
180
190
181


1:500000: AVG = 40.625
50
40
42
40
41
40
41
40
39
40
39
40
39
40
39
40

2:1: AVG = 6400
1200
1300
1400
1500
1600
1700
1800
1900
2000
2100
2200
2300
2400
2500
2600
2700
2800
2900
3000
3100
3200
3300
3400
3500
3600
3700
3800
3900
4000
4100
4200
4300
4400
4500
4600
4700
4800
4900
5000
5100
5200
5300
5400
5500
5600
5700
5800
5900
6000
6100
6200
6300
6400
6500
6600
6700
6800
6900
7000
7100
7200
7300
7400
7500
7600
7700
7800
7900
8000
8100
8200
8300
8400
8500
8600
8700
8800
8900
9000
9100
9200
9300
9400
9500
9600
9700
9800
9900
10000
10100
10200
10300
10400
10500
10600
10700
10800
10900
11000
11100
11200
11300
11400
11500
11600

2:100: AVG = 5300.0
500
600
700
800
900
1000
1100
1200
1300
1400
1500
1600
1700
1800
1900
2000
2100
2200
2300
2400
2500
2600
2700
2800
2900
3000
3100
3200
3300
3400
3500
3600
3700
3800
3900
4000
4100
4200
4300
4400
4500
4600
4700
4800
4900
5000
5100
5200
5300
5400
5500
5600
5700
5800
5900
6000
6100
6200
6300
6400
6500
6600
6700
6800
6900
7000
7100
7200
7300
7400
7500
7600
7700
7800
7900
8000
8100
8200
8300
8400
8500
8600
8700
8800
8900
9000
9100
9200
9300
9400
9500
9600
9700
9800
9900
10000
10100

2:1000: AVG = 1300
1100
1200
1300
1400
1500

2:10000: AVG = 950
400
500
600
700
800
900
1000
1100
1200
1300
1400
750
800
850
900
950
1000
1050
1100
1150
1200
1250

2:100000: AVG = 178.111111111
200
150
200
166
200
175
200
180
166
183
171
185
175
187
177
170
163
158

2:500000: AVG = 36.8888888889
33
40
37
36
38
37
36
38
37

4:1: AVG = 10250.0
9100
9200
9300
9400
9500
9600
9700
9800
9900
10000
10100
10200
10300
10400
10500
10600
10700
10800
10900
11000
11100
11200
11300
11400

4:100: AVG = 13800.0
12700
12800
12900
13000
13100
13200
13300
13400
13500
13600
13700
13800
13900
14000
14100
14200
14300
14400
14500
14600
14700
14800
14900

4:1000: AVG = 250
4100
4200
4300
4400
4500
4600
4700
4800
4900
5000
5100
5200
5300
5400
5500
5600
5700
5800
5900
6000
6100
6200
6300
6400
6500
6600
6700
6800
6900
7000
7100
7200
7300
7400
7500
7600
7700
7800
7900
8000
8100
8200
8300
8400
8500
8600
8700
8800
8900
9000
9100
9200
9300
9400
9500
9600
9700
9800
4950
5000
5050
5100



4:10000: AVG = 1112.19607843
800
900
1000
1100
1200
1300
1400
1500
1600
850
900
950
1000
1050
1100
1150
1200
1250
1300
1350
1400
966
1000
1033
1066
1100
1133
1166
1200
1233
950
975
1000
1025
1050
1075
1100
1125
1150
1175
1200
980
1000
1020
1040
1060
1080
1100
1120
1140
1160

4:100000: AVG = 135.9375
100
100
150
133
125
150
140
133
150
142
137
150
144
140
136
145

4:500000: AVG = 33.8571428571
33
33
33
33
35
35
35

8:1: AVG = 11000.0
10900
11000
11100

8:100: AVG = 15650.0
15500
15600
15700
15800

8:1000: AVG = 2200.0
1800
1900
2000
2100
2200
2300
2400
2500
2600

8:10000: AVG = 979.193548387
600
700
800
900
1000
1100
1200
1300
1400
750
800
850
900
950
1000
1050
1100
1150
1200
833
866
900
933
966
1000
1033
1066
1100
1133
875
900


8:100000: AVG = 180.631578947
200
300
200
166
200
175
200
180
166
183
171
162
175
166
160
154
163
158
153


8:500000: AVG = 35.6
35
35
36
36
36

16:1: AVG = 1400
800
900
1000
1100
1200
1300
1400
1500
1600
1700
1800
1900
2000

16:100: AVG = 14748.3870968
11700
11800
11900
12000
13300
14000
14100
14200
14300
14400
14500
14600
14700
14800
14900
15000
15100
15200
15300
15400
15500
15600
15700
15800
15900
16000
16100
16200
16300
16400
16500

16:1000: AVG = 4300
3000
3100
3200
3300
3400
3500
3600
3700
3800
3900
4000
4100
4200
4300
4400
4500
4600
4700
4800
4900
5000
5100
5200
5300
5400
5500
5600

16:10000: AVG = 700
500
600
700
800
900

16:100000: AVG = 151.523809524
100
200
150
133
166
150
140
160
150
166
157
150
144
155
150
145
154
150
146
142
150
146
143
150
147
157
155
154
157
155
154
152
155
153
152
155
153
152
154
153
155
154

16:500000: AVG = 38.4545454545
50
40
37
40
38
37
36
36
36
37
36

32:1: AVG = 10000
7500
7600
7700
7800
7900
8000
8100
8200
8300
8400
8500
8600
8700
8800
8900
9000
9100
9200
9300
9400
9500
9600
9700
9800
9900
10000
10100
10200
10300
10400
10500
10600
10700
10800
10900
11000
11100
11200
11300
11400
11500
11600
11700
11800
11900
12000
12100
12200
12300
12400
12500

32:100: AVG = 15380.0
12800
12900
13000
13100
13200
13300
13400
13500
13600
13700
13800
13900
14900
15000
15100
15200
15300
15400
15500
15600
15700
15800
15900
16000
16100
16200
16300
16400
16500
16600
16700
16800
16900
17000
17100
17200
17300
17400
17500
17600

32:1000: AVG = 5065.31531532
4575
4600
4625
4650
4675
4700
4725
4750
4775
4800
4825
4850
4875
4900
4925
4950
4975
5000
5025
5050
5075
5100
5125
5150
5175
5200
5225
5250
5275
5300
5325
5350
5375
5400
5425
5450
5475
5500
5525
5550
5575
5600
5625
5650
5675
5700
4580
4600
4620
4640
4660
4680
4700
4720
4740
4760
4780
4800
4820
4840
4860
4880
4900
4920
4940
4960
4980
5000
5020
5040
5060
5080
5100
5120
5140
5160
5180
5200
5220
5240
5260
5280
5300
5320
5340
5360
5380
5400
5420
5440
5460
5480
5500
5520
5540
5560
5580
4666
4683
4700
4716
4733
4750
4766
4783
4800
4816
4833
4850
4866
4883

32:10000: AVG = 877.468085106
400
500
600
700
800
900
1000
1100
1200
650
700
750
800
850
900
950
1000
1050
733
766
800
833
866
900
933
966
1000
775
800
825
850
875
900
925
950
975
800
820
840
860
880
900
920
940
960
816
833
850
866
883
900
916
933
950
966
842
857
871
885
900
914
928
942
957
971
862
875
887
900
912
925
937
950
855
866
877
888
900
911
922
933
944
860
870
880
890
900
910
920
930
940
863
872
881

32:100000: AVG = 137.228070175
100
200
150
133
125
150
140
133
150
142
157
150
162
155
150
160
154
150
146
153
150
146
153
150
147
144
150
147
145
150
147
145
150
147
152
150
148
152
150
148
151
150
153
151
150
92
92
92
94
94
94
94
96
96
96
98
98

32:500000: AVG = 36
33
40
37
36
35
35